# {"dNch_deta": 8, "dET_deta": 22, "dN_dy_pion": 8, "dN_dy_kaon": 8, "dN_dy_proton": 8, "mean_pT_pion": 8, "mean_pT_kaon": 8, "mean_pT_proton": 8, "pT_fluct": 12, "v22": 8, "v32": 6, "v42": 6}
1.601000000000e+03  6.000000000000e+01
1.294000000000e+03  4.900000000000e+01
9.660000000000e+02  3.700000000000e+01
6.490000000000e+02  2.300000000000e+01
4.260000000000e+02  1.500000000000e+01
2.610000000000e+02  9.000000000000e+00
1.490000000000e+02  6.000000000000e+00
7.600000000000e+01  4.000000000000e+00
1.803000000000e+03  1.094577544078e+02
1.647000000000e+03  9.940824915469e+01
1.499000000000e+03  9.035485598461e+01
1.357000000000e+03  8.238931969618e+01
1.235000000000e+03  7.433034373659e+01
1.118000000000e+03  6.726812023537e+01
1.033000000000e+03  6.220128616034e+01
9.420000000000e+02  5.721887800368e+01
8.470000000000e+02  5.124451190128e+01
7.730000000000e+02  4.716990566028e+01
6.830000000000e+02  4.119465984809e+01
6.020000000000e+02  3.622154055255e+01
5.440000000000e+02  3.313608305156e+01
4.940000000000e+02  3.014962686336e+01
4.350000000000e+02  2.617250465660e+01
3.850000000000e+02  2.408318915758e+01
3.220000000000e+02  2.002498439450e+01
2.460000000000e+02  1.503329637837e+01
1.800000000000e+02  1.104536101719e+01
1.332000000000e+02  8.521150157109e+00
9.370000000000e+01  6.120457499240e+00
6.510000000000e+01  4.418144406875e+00
1.465000000000e+03  1.060000000000e+02
1.210000000000e+03  8.400000000000e+01
9.080000000000e+02  6.200000000000e+01
6.130000000000e+02  4.000000000000e+01
4.010000000000e+02  2.600000000000e+01
2.470000000000e+02  1.600000000000e+01
1.420000000000e+02  9.000000000000e+00
7.400000000000e+01  4.000000000000e+00
2.180000000000e+02  1.800000000000e+01
1.810000000000e+02  1.500000000000e+01
1.360000000000e+02  1.100000000000e+01
9.200000000000e+01  8.000000000000e+00
6.000000000000e+01  4.000000000000e+00
3.640000000000e+01  2.900000000000e+00
2.040000000000e+01  1.600000000000e+00
1.020000000000e+01  8.000000000000e-01
6.700000000000e+01  6.000000000000e+00
5.600000000000e+01  4.000000000000e+00
4.210000000000e+01  3.500000000000e+00
2.890000000000e+01  2.400000000000e+00
1.930000000000e+01  1.600000000000e+00
1.230000000000e+01  1.000000000000e+00
7.300000000000e+00  6.000000000000e-01
3.900000000000e+00  4.000000000000e-01
5.185000000000e-01  1.850000000000e-02
5.190000000000e-01  1.750000000000e-02
5.190000000000e-01  1.700000000000e-02
5.140000000000e-01  1.700000000000e-02
5.055000000000e-01  1.700000000000e-02
4.945000000000e-01  1.750000000000e-02
4.805000000000e-01  1.700000000000e-02
4.675000000000e-01  1.650000000000e-02
8.715000000000e-01  2.650000000000e-02
8.690000000000e-01  2.650000000000e-02
8.675000000000e-01  2.850000000000e-02
8.555000000000e-01  3.150000000000e-02
8.365000000000e-01  3.150000000000e-02
8.130000000000e-01  2.900000000000e-02
7.825000000000e-01  2.750000000000e-02
7.570000000000e-01  2.750000000000e-02
1.343000000000e+00  3.350000000000e-02
1.334000000000e+00  3.300000000000e-02
1.318000000000e+00  3.500000000000e-02
1.288000000000e+00  3.600000000000e-02
1.240000000000e+00  3.650000000000e-02
1.180000000000e+00  3.150000000000e-02
1.112500000000e+00  3.000000000000e-02
1.047500000000e+00  3.300000000000e-02
9.253000000000e-03  6.840310873052e-04
1.087000000000e-02  7.826466086939e-04
1.249000000000e-02  6.814750131883e-04
1.414000000000e-02  7.407411802377e-04
1.571000000000e-02  7.915179232968e-04
1.740000000000e-02  8.452117796150e-04
1.945000000000e-02  9.125222752898e-04
2.174000000000e-02  9.887732498404e-04
2.422000000000e-02  1.072178185984e-03
2.716000000000e-02  1.176448918101e-03
3.036000000000e-02  1.293849188468e-03
3.411000000000e-02  1.439441363863e-03
2.724000000000e-02  6.905070600653e-04
4.457000000000e-02  1.122942563090e-03
6.403000000000e-02  1.607015867999e-03
8.314000000000e-02  1.333754100275e-03
9.461000000000e-02  1.518453160292e-03
9.941000000000e-02  1.606549096667e-03
9.759000000000e-02  1.608011193991e-03
9.003000000000e-02  1.511687798456e-03
2.015000000000e-02  8.319855767981e-04
2.326000000000e-02  9.454099639839e-04
2.622000000000e-02  1.068877916322e-03
2.884000000000e-02  1.167261752993e-03
3.031000000000e-02  1.237618681178e-03
3.022000000000e-02  1.262418314189e-03
9.720000000000e-03  4.860041152089e-04
1.133000000000e-02  6.506919393999e-04
1.250000000000e-02  5.682429058070e-04
1.390000000000e-02  7.310950690574e-04
1.540000000000e-02  8.421995013060e-04
1.514000000000e-02  1.022007827759e-03
