# # t        height      velocity     accln
0.00000000 60.00000000 0.00000000 9.80000000
0.02653061 59.99655263 0.25976113 9.77300966
0.05306122 59.98622945 0.51809542 9.69263085
0.07959184 59.96908688 0.77360707 9.56061284
0.10612245 59.94521771 1.02496131 9.37978173
0.13265306 59.91474900 1.27091127 9.15391382
0.15918367 59.87783948 1.51032106 8.88757212
0.18571429 59.83467630 1.74218429 8.58591756
0.21224490 59.78547147 1.96563714 8.25450825
0.23877551 59.73045791 2.17996627 7.89909882
0.26530612 59.66988547 2.38461175 7.52545073
0.29183673 59.60401680 2.57916428 7.13916464
0.31836735 59.53312349 2.76335976 6.74553713
0.34489796 59.45748232 2.93706915 6.34944992
0.37142857 59.37737182 3.10028656 5.95528930
0.39795918 59.29306922 3.25311528 5.56689639
0.42448980 59.20484769 3.39575303 5.18754455
0.45102041 59.11297410 3.52847682 4.81994054
0.47755102 59.01770706 3.65162813 4.46624481
0.50408163 58.91929544 3.76559893 4.12810588
0.53061224 58.81797717 3.87081861 3.80670531
0.55714286 58.71397843 3.96774227 3.50280853
0.58367347 58.60751311 4.05684036 3.21681850
0.61020408 58.49878250 4.13858986 2.94882959
0.63673469 58.38797524 4.21346669 2.69867939
0.66326531 58.27526743 4.28193962 2.46599724
0.68979592 58.16082288 4.34446531 2.25024848
0.71632653 58.04479347 4.40148450 2.05077369
0.74285714 57.92731968 4.45341918 1.86682305
0.76938776 57.80853101 4.50067055 1.69758582
0.79591837 57.68854664 4.54361780 1.54221490
0.82244898 57.56747599 4.58261737 1.39984722
0.84897959 57.44541931 4.61800278 1.26962014
0.87551020 57.32246831 4.65008482 1.15068447
0.90204082 57.19870677 4.67915205 1.04221444
0.92857143 57.07421107 4.70547151 0.94341517
0.95510204 56.94905080 4.72928961 0.85352790
0.98163265 56.82328928 4.75083318 0.77183363
1.00816327 56.69698405 4.77031050 0.69765508
1.03469388 56.57018735 4.78791246 0.63035772
1.06122449 56.44294658 4.80381366 0.56934972
1.08775510 56.31530474 4.81817359 0.51408129
1.11428571 56.18730073 4.83113769 0.46404346
1.14081633 56.05896982 4.84283840 0.41876650
1.16734694 55.93034390 4.85339622 0.37781806
1.19387755 55.80145181 4.86292065 0.34080111
1.22040816 55.67231963 4.87151109 0.30735189
1.24693878 55.54297093 4.87925772 0.27713765
1.27346939 55.41342698 4.88624227 0.24985460
1.30000000 55.28370701 4.89253877 0.22522574
