#  H2 - NNLOopt data
#    H2E  Nmax      hw   UVeff    Leff
#=====================================
 -2.0618    10  22.274  750.00   7.077
 -2.2006    20  12.763  750.00  12.350
 -2.2076    30   8.947  750.00  17.617
 -2.2076    40   6.889  750.00  22.882
 -2.2077    50   5.600  750.00  28.145
 -2.2077    60   4.718  750.00  33.409
 -2.2077    70   4.076  750.00  38.671
 -2.2078    80   3.588  750.00  43.934
 -2.2078    90   3.204  750.00  49.197
 -2.2078   100   2.894  750.00  54.459
 -2.2078   110   2.639  750.00  59.722
 -2.2079   120   2.426  750.00  64.984
 -2.2078   130   2.244  750.00  70.246
 -2.2079   140   2.088  750.00  75.509
 -2.2078   150   1.951  750.00  80.771
 -2.2078   160   1.832  750.00  86.033
 -2.2079   170   1.727  750.00  91.295
 -2.2078   180   1.632  750.00  96.558
 -2.2079   190   1.548  750.00 101.820
 -2.2079   200   1.472  750.00 107.082
 -2.2079   210   1.403  750.00 112.344
 -2.2078   220   1.340  750.00 117.606
 -2.2079   230   1.283  750.00 122.869
 -2.2079   240   1.230  750.00 128.131
 -2.2079   250   1.182  750.00 133.393
#
 -2.0150    10  25.343  800.00   6.634
 -2.2124    20  14.521  800.00  11.578
 -2.2216    30  10.180  800.00  16.516
 -2.2215    40   7.838  800.00  21.452
 -2.2215    50   6.372  800.00  26.386
 -2.2215    60   5.368  800.00  31.321
 -2.2215    70   4.638  800.00  36.255
 -2.2215    80   4.082  800.00  41.188
 -2.2215    90   3.645  800.00  46.122
 -2.2215   100   3.293  800.00  51.056
 -2.2215   110   3.003  800.00  55.989
 -2.2215   120   2.760  800.00  60.923
 -2.2215   130   2.553  800.00  65.856
 -2.2215   140   2.375  800.00  70.789
 -2.2215   150   2.220  800.00  75.723
 -2.2215   160   2.085  800.00  80.656
 -2.2215   170   1.964  800.00  85.589
 -2.2215   180   1.857  800.00  90.523
 -2.2215   190   1.761  800.00  95.456
 -2.2215   200   1.675  800.00 100.389
 -2.2215   210   1.596  800.00 105.323
 -2.2215   220   1.525  800.00 110.256
 -2.2215   230   1.460  800.00 115.189
 -2.2215   240   1.400  800.00 120.123
 -2.2215   250   1.344  800.00 125.056
#
 -1.9339    10  28.610  850.00   6.244
 -2.2114    20  16.393  850.00  10.897
 -2.2239    30  11.492  850.00  15.544
 -2.2242    40   8.848  850.00  20.190
 -2.2243    50   7.193  850.00  24.834
 -2.2243    60   6.060  850.00  29.478
 -2.2243    70   5.235  850.00  34.122
 -2.2242    80   4.608  850.00  38.765
 -2.2242    90   4.115  850.00  43.409
 -2.2242   100   3.718  850.00  48.052
 -2.2242   110   3.390  850.00  52.696
 -2.2242   120   3.116  850.00  57.339
 -2.2242   130   2.882  850.00  61.982
 -2.2242   140   2.681  850.00  66.625
 -2.2242   150   2.507  850.00  71.268
 -2.2242   160   2.353  850.00  75.912
 -2.2242   170   2.218  850.00  80.555
 -2.2242   180   2.097  850.00  85.198
 -2.2242   190   1.988  850.00  89.841
 -2.2242   200   1.891  850.00  94.484
 -2.2242   210   1.802  850.00  99.127
 -2.2242   220   1.722  850.00 103.770
 -2.2242   230   1.648  850.00 108.413
 -2.2242   240   1.580  850.00 113.057
 -2.2242   250   1.518  850.00 117.700
#
 -1.8336    10  32.075  900.00   5.897
 -2.2064    20  18.378  900.00  10.292
 -2.2236    30  12.884  900.00  14.681
 -2.2245    40   9.920  900.00  19.068
 -2.2246    50   8.065  900.00  23.455
 -2.2246    60   6.794  900.00  27.840
 -2.2246    70   5.869  900.00  32.226
 -2.2246    80   5.166  900.00  36.612
 -2.2246    90   4.614  900.00  40.997
 -2.2246   100   4.168  900.00  45.383
 -2.2246   110   3.801  900.00  49.768
 -2.2246   120   3.493  900.00  54.153
 -2.2246   130   3.231  900.00  58.539
 -2.2246   140   3.006  900.00  62.924
 -2.2246   150   2.810  900.00  67.309
 -2.2246   160   2.638  900.00  71.694
 -2.2246   170   2.486  900.00  76.080
 -2.2246   180   2.351  900.00  80.465
 -2.2246   190   2.229  900.00  84.850
 -2.2246   200   2.120  900.00  89.235
 -2.2246   210   2.020  900.00  93.620
 -2.2246   220   1.930  900.00  98.005
 -2.2246   230   1.847  900.00 102.391
 -2.2246   240   1.771  900.00 106.776
 -2.2246   250   1.702  900.00 111.161
#
 -1.7205    10  35.738  950.00   5.587
 -2.1989    20  20.477  950.00   9.750
 -2.2229    30  14.355  950.00  13.908
 -2.2245    40  11.052  950.00  18.065
 -2.2246    50   8.985  950.00  22.220
 -2.2246    60   7.570  950.00  26.375
 -2.2246    70   6.540  950.00  30.530
 -2.2246    80   5.756  950.00  34.685
 -2.2246    90   5.141  950.00  38.840
 -2.2246   100   4.644  950.00  42.994
 -2.2246   110   4.235  950.00  47.149
 -2.2246   120   3.892  950.00  51.303
 -2.2246   130   3.600  950.00  55.458
 -2.2246   140   3.349  950.00  59.612
 -2.2246   150   3.131  950.00  63.767
 -2.2246   160   2.940  950.00  67.921
 -2.2246   170   2.770  950.00  72.075
 -2.2246   180   2.619  950.00  76.230
 -2.2246   190   2.484  950.00  80.384
 -2.2246   200   2.362  950.00  84.538
 -2.2246   210   2.251  950.00  88.693
 -2.2246   220   2.150  950.00  92.847
 -2.2246   230   2.058  950.00  97.002
 -2.2246   240   1.974  950.00 101.156
 -2.2246   250   1.896  950.00 105.310
#
 -1.5961    10  39.598 1000.00   5.307
 -2.1887    20  22.689 1000.00   9.263
 -2.2220    30  15.906 1000.00  13.213
 -2.2244    40  12.247 1000.00  17.161
 -2.2246    50   9.956 1000.00  21.109
 -2.2246    60   8.388 1000.00  25.056
 -2.2246    70   7.246 1000.00  29.004
 -2.2246    80   6.378 1000.00  32.951
 -2.2246    90   5.696 1000.00  36.898
 -2.2246   100   5.146 1000.00  40.844
 -2.2246   110   4.692 1000.00  44.791
 -2.2246   120   4.312 1000.00  48.738
 -2.2246   130   3.989 1000.00  52.685
 -2.2246   140   3.711 1000.00  56.632
 -2.2246   150   3.469 1000.00  60.578
 -2.2246   160   3.257 1000.00  64.525
 -2.2246   170   3.069 1000.00  68.472
 -2.2246   180   2.902 1000.00  72.418
 -2.2246   190   2.752 1000.00  76.365
 -2.2246   200   2.617 1000.00  80.312
 -2.2246   210   2.494 1000.00  84.258
 -2.2246   220   2.383 1000.00  88.205
 -2.2246   230   2.281 1000.00  92.151
 -2.2246   240   2.187 1000.00  96.098
 -2.2246   250   2.101 1000.00 100.045
#
 -1.4592    10  43.657 1050.00   5.055
 -2.1759    20  25.015 1050.00   8.822
 -2.2206    30  17.537 1050.00  12.584
 -2.2243    40  13.502 1050.00  16.344
 -2.2246    50  10.977 1050.00  20.104
 -2.2246    60   9.247 1050.00  23.863
 -2.2246    70   7.989 1050.00  27.622
 -2.2246    80   7.032 1050.00  31.382
 -2.2246    90   6.280 1050.00  35.141
 -2.2246   100   5.673 1050.00  38.899
 -2.2246   110   5.173 1050.00  42.658
 -2.2246   120   4.754 1050.00  46.417
 -2.2246   130   4.398 1050.00  50.176
 -2.2246   140   4.092 1050.00  53.935
 -2.2246   150   3.825 1050.00  57.694
 -2.2246   160   3.591 1050.00  61.452
 -2.2246   170   3.384 1050.00  65.211
 -2.2246   180   3.200 1050.00  68.970
 -2.2246   190   3.034 1050.00  72.728
 -2.2246   200   2.885 1050.00  76.487
 -2.2246   210   2.750 1050.00  80.246
 -2.2246   220   2.627 1050.00  84.005
 -2.2246   230   2.514 1050.00  87.763
 -2.2246   240   2.411 1050.00  91.522
 -2.2246   250   2.316 1050.00  95.281
#
 -1.3066    10  47.914 1100.00   4.825
 -2.1605    20  27.454 1100.00   8.421
 -2.2188    30  19.247 1100.00  12.012
 -2.2240    40  14.818 1100.00  15.601
 -2.2245    50  12.047 1100.00  19.190
 -2.2246    60  10.149 1100.00  22.779
 -2.2246    70   8.768 1100.00  26.367
 -2.2246    80   7.718 1100.00  29.955
 -2.2246    90   6.892 1100.00  33.543
 -2.2246   100   6.226 1100.00  37.131
 -2.2246   110   5.677 1100.00  40.719
 -2.2246   120   5.218 1100.00  44.307
 -2.2246   130   4.827 1100.00  47.895
 -2.2246   140   4.490 1100.00  51.483
 -2.2246   150   4.198 1100.00  55.071
 -2.2246   160   3.941 1100.00  58.659
 -2.2246   170   3.714 1100.00  62.247
 -2.2246   180   3.512 1100.00  65.835
 -2.2246   190   3.330 1100.00  69.423
 -2.2246   200   3.166 1100.00  73.011
 -2.2246   210   3.018 1100.00  76.598
 -2.2246   220   2.883 1100.00  80.186
 -2.2246   230   2.760 1100.00  83.774
 -2.2246   240   2.646 1100.00  87.362
 -2.2246   250   2.542 1100.00  90.950
#
 -1.1337    10  52.369 1150.00   4.615
 -2.1423    20  30.007 1150.00   8.055
 -2.2164    30  21.036 1150.00  11.489
 -2.2237    40  16.196 1150.00  14.923
 -2.2245    50  13.167 1150.00  18.356
 -2.2246    60  11.093 1150.00  21.788
 -2.2246    70   9.583 1150.00  25.221
 -2.2246    80   8.435 1150.00  28.653
 -2.2246    90   7.533 1150.00  32.085
 -2.2246   100   6.805 1150.00  35.517
 -2.2246   110   6.205 1150.00  38.949
 -2.2246   120   5.703 1150.00  42.381
 -2.2246   130   5.276 1150.00  45.813
 -2.2246   140   4.908 1150.00  49.245
 -2.2246   150   4.588 1150.00  52.677
 -2.2246   160   4.308 1150.00  56.109
 -2.2246   170   4.059 1150.00  59.541
 -2.2246   180   3.838 1150.00  62.972
 -2.2246   190   3.640 1150.00  66.404
 -2.2246   200   3.461 1150.00  69.836
 -2.2246   210   3.299 1150.00  73.268
 -2.2246   220   3.151 1150.00  76.700
 -2.2246   230   3.016 1150.00  80.132
 -2.2246   240   2.892 1150.00  83.564
 -2.2246   250   2.778 1150.00  86.995
#
 -0.9353    10  57.022 1200.00   4.423
 -2.1207    20  32.673 1200.00   7.719
 -2.2134    30  22.905 1200.00  11.011
 -2.2233    40  17.635 1200.00  14.301
 -2.2244    50  14.337 1200.00  17.591
 -2.2246    60  12.078 1200.00  20.880
 -2.2246    70  10.435 1200.00  24.170
 -2.2246    80   9.185 1200.00  27.459
 -2.2246    90   8.202 1200.00  30.748
 -2.2246   100   7.410 1200.00  34.037
 -2.2246   110   6.757 1200.00  37.326
 -2.2246   120   6.210 1200.00  40.615
 -2.2246   130   5.744 1200.00  43.904
 -2.2246   140   5.344 1200.00  47.193
 -2.2246   150   4.996 1200.00  50.482
 -2.2246   160   4.690 1200.00  53.771
 -2.2246   170   4.420 1200.00  57.060
 -2.2246   180   4.179 1200.00  60.349
 -2.2246   190   3.963 1200.00  63.637
 -2.2246   200   3.768 1200.00  66.926
 -2.2246   210   3.592 1200.00  70.215
 -2.2246   220   3.431 1200.00  73.504
 -2.2246   230   3.284 1200.00  76.793
 -2.2246   240   3.149 1200.00  80.082
 -2.2246   250   3.025 1200.00  83.371
#
 -0.7068    10  61.873 1250.00   4.246
 -2.0955    20  35.452 1250.00   7.410
 -2.2096    30  24.853 1250.00  10.570
 -2.2227    40  19.135 1250.00  13.729
 -2.2244    50  15.557 1250.00  16.887
 -2.2246    60  13.106 1250.00  20.045
 -2.2246    70  11.322 1250.00  23.203
 -2.2246    80   9.966 1250.00  26.361
 -2.2246    90   8.900 1250.00  29.518
 -2.2246   100   8.040 1250.00  32.676
 -2.2246   110   7.331 1250.00  35.833
 -2.2246   120   6.738 1250.00  38.990
 -2.2246   130   6.233 1250.00  42.148
 -2.2246   140   5.799 1250.00  45.305
 -2.2246   150   5.421 1250.00  48.463
 -2.2246   160   5.089 1250.00  51.620
 -2.2246   170   4.796 1250.00  54.777
 -2.2246   180   4.535 1250.00  57.935
 -2.2246   190   4.300 1250.00  61.092
 -2.2246   200   4.089 1250.00  64.249
 -2.2246   210   3.897 1250.00  67.407
 -2.2246   220   3.723 1250.00  70.564
 -2.2246   230   3.564 1250.00  73.721
 -2.2246   240   3.417 1250.00  76.878
 -2.2246   250   3.282 1250.00  80.036
#
 -0.4462    10  66.921 1300.00   4.083
 -2.0662    20  38.345 1300.00   7.125
 -2.2049    30  26.881 1300.00  10.164
 -2.2219    40  20.697 1300.00  13.201
 -2.2242    50  16.826 1300.00  16.238
 -2.2245    60  14.175 1300.00  19.274
 -2.2246    70  12.246 1300.00  22.310
 -2.2246    80  10.779 1300.00  25.347
 -2.2246    90   9.626 1300.00  28.383
 -2.2246   100   8.696 1300.00  31.419
 -2.2246   110   7.930 1300.00  34.455
 -2.2246   120   7.288 1300.00  37.491
 -2.2246   130   6.742 1300.00  40.527
 -2.2246   140   6.272 1300.00  43.563
 -2.2246   150   5.863 1300.00  46.599
 -2.2246   160   5.505 1300.00  49.635
 -2.2246   170   5.187 1300.00  52.670
 -2.2246   180   4.905 1300.00  55.706
 -2.2246   190   4.651 1300.00  58.742
 -2.2246   200   4.423 1300.00  61.778
 -2.2246   210   4.215 1300.00  64.814
 -2.2246   220   4.027 1300.00  67.850
 -2.2246   230   3.854 1300.00  70.886
 -2.2246   240   3.696 1300.00  73.922
 -2.2246   250   3.550 1300.00  76.957
#
 -0.1533    10  72.168 1350.00   3.931
 -2.0328    20  41.351 1350.00   6.861
 -2.1992    30  28.989 1350.00   9.787
 -2.2209    40  22.319 1350.00  12.712
 -2.2241    50  18.145 1350.00  15.636
 -2.2245    60  15.287 1350.00  18.560
 -2.2246    70  13.206 1350.00  21.484
 -2.2246    80  11.624 1350.00  24.408
 -2.2246    90  10.381 1350.00  27.332
 -2.2246   100   9.378 1350.00  30.255
 -2.2246   110   8.551 1350.00  33.179
 -2.2246   120   7.859 1350.00  36.102
 -2.2246   130   7.270 1350.00  39.026
 -2.2246   140   6.764 1350.00  41.949
 -2.2246   150   6.323 1350.00  44.873
 -2.2246   160   5.936 1350.00  47.796
 -2.2246   170   5.594 1350.00  50.720
 -2.2246   180   5.289 1350.00  53.643
 -2.2246   190   5.016 1350.00  56.567
 -2.2246   200   4.769 1350.00  59.490
 -2.2246   210   4.546 1350.00  62.413
 -2.2246   220   4.342 1350.00  65.337
 -2.2246   230   4.156 1350.00  68.260
 -2.2246   240   3.986 1350.00  71.184
 -2.2246   250   3.829 1350.00  74.107
#
  0.1698    10  77.613 1400.00   3.791
 -1.9953    20  44.471 1400.00   6.616
 -2.1925    30  31.176 1400.00   9.438
 -2.2197    40  24.003 1400.00  12.258
 -2.2238    50  19.514 1400.00  15.078
 -2.2245    60  16.440 1400.00  17.897
 -2.2246    70  14.203 1400.00  20.717
 -2.2246    80  12.501 1400.00  23.536
 -2.2246    90  11.164 1400.00  26.355
 -2.2246   100  10.085 1400.00  29.175
 -2.2246   110   9.197 1400.00  31.994
 -2.2246   120   8.452 1400.00  34.813
 -2.2246   130   7.819 1400.00  37.632
 -2.2246   140   7.274 1400.00  40.451
 -2.2246   150   6.800 1400.00  43.270
 -2.2246   160   6.384 1400.00  46.089
 -2.2246   170   6.016 1400.00  48.908
 -2.2246   180   5.688 1400.00  51.727
 -2.2246   190   5.394 1400.00  54.546
 -2.2246   200   5.129 1400.00  57.365
 -2.2246   210   4.889 1400.00  60.184
 -2.2246   220   4.670 1400.00  63.003
 -2.2246   230   4.470 1400.00  65.822
 -2.2246   240   4.287 1400.00  68.641
 -2.2246   250   4.117 1400.00  71.461
#
  0.5202    10  83.256 1450.00   3.660
 -1.9536    20  47.704 1450.00   6.388
 -2.1846    30  33.443 1450.00   9.112
 -2.2181    40  25.748 1450.00  11.835
 -2.2235    50  20.933 1450.00  14.558
 -2.2244    60  17.635 1450.00  17.280
 -2.2246    70  15.235 1450.00  20.002
 -2.2246    80  13.410 1450.00  22.725
 -2.2246    90  11.976 1450.00  25.447
 -2.2246   100  10.818 1450.00  28.169
 -2.2246   110   9.865 1450.00  30.891
 -2.2246   120   9.066 1450.00  33.612
 -2.2246   130   8.387 1450.00  36.334
 -2.2246   140   7.803 1450.00  39.056
 -2.2246   150   7.294 1450.00  41.778
 -2.2246   160   6.848 1450.00  44.500
 -2.2246   170   6.453 1450.00  47.222
 -2.2246   180   6.102 1450.00  49.944
 -2.2246   190   5.786 1450.00  52.665
 -2.2246   200   5.502 1450.00  55.387
 -2.2246   210   5.244 1450.00  58.109
 -2.2246   220   5.010 1450.00  60.831
 -2.2246   230   4.795 1450.00  63.553
 -2.2246   240   4.598 1450.00  66.275
 -2.2246   250   4.417 1450.00  68.996
#
  0.8951    10  89.097 1500.00   3.538
 -1.9073    20  51.051 1500.00   6.175
 -2.1754    30  35.789 1500.00   8.809
 -2.2161    40  27.555 1500.00  11.441
 -2.2231    50  22.401 1500.00  14.073
 -2.2243    60  18.872 1500.00  16.704
 -2.2245    70  16.304 1500.00  19.336
 -2.2246    80  14.351 1500.00  21.967
 -2.2246    90  12.816 1500.00  24.598
 -2.2246   100  11.577 1500.00  27.230
 -2.2246   110  10.557 1500.00  29.861
 -2.2246   120   9.702 1500.00  32.492
 -2.2246   130   8.976 1500.00  35.123
 -2.2246   140   8.350 1500.00  37.754
 -2.2246   150   7.806 1500.00  40.385
 -2.2246   160   7.329 1500.00  43.017
 -2.2246   170   6.906 1500.00  45.648
 -2.2246   180   6.530 1500.00  48.279
 -2.2246   190   6.192 1500.00  50.910
 -2.2246   200   5.888 1500.00  53.541
 -2.2246   210   5.612 1500.00  56.172
 -2.2246   220   5.361 1500.00  58.803
 -2.2246   230   5.131 1500.00  61.434
 -2.2246   240   4.921 1500.00  64.065
 -2.2246   250   4.727 1500.00  66.696
#
