# He3 - NNLOopt data
#   He3R  Nmax      hw   UVeff    Leff
# =====================================
  1.7066    10  20.215  750.00   7.797
  1.7411    12  17.788  750.00   8.861
  1.7715    14  15.885  750.00   9.923
  1.7818    16  14.352  750.00  10.982
  1.7928    18  13.091  750.00  12.041
  1.7956    20  12.034  750.00  13.098
  1.8003    22  11.136  750.00  14.155
  1.8012    24  10.363  750.00  15.211
  1.8034    26   9.690  750.00  16.267
  1.8039    28   9.100  750.00  17.322
  1.8051    30   8.577  750.00  18.377
  1.8056    32   8.112  750.00  19.431
  1.8063    34   7.694  750.00  20.486
  1.8067    36   7.318  750.00  21.540
  1.8072    38   6.976  750.00  22.594
  1.8076    40   6.665  750.00  23.648
#
  1.6774    10  23.000  800.00   7.310
  1.7211    12  20.239  800.00   8.308
  1.7563    14  18.074  800.00   9.303
  1.7708    16  16.330  800.00  10.296
  1.7835    18  14.894  800.00  11.288
  1.7875    20  13.692  800.00  12.280
  1.7926    22  12.670  800.00  13.270
  1.7935    24  11.790  800.00  14.260
  1.7956    26  11.025  800.00  15.250
  1.7959    28  10.353  800.00  16.239
  1.7968    30   9.759  800.00  17.228
  1.7970    32   9.229  800.00  18.217
  1.7975    34   8.754  800.00  19.205
  1.7976    36   8.326  800.00  20.194
  1.7979    38   7.938  800.00  21.182
  1.7980    40   7.584  800.00  22.170
#
  1.6483    10  25.965  850.00   6.880
  1.7025    12  22.847  850.00   7.819
  1.7419    14  20.404  850.00   8.755
  1.7626    16  18.435  850.00   9.690
  1.7770    18  16.814  850.00  10.624
  1.7835    20  15.457  850.00  11.557
  1.7889    22  14.303  850.00  12.490
  1.7906    24  13.310  850.00  13.421
  1.7927    26  12.446  850.00  14.353
  1.7931    28  11.688  850.00  15.284
  1.7939    30  11.017  850.00  16.215
  1.7940    32  10.419  850.00  17.145
  1.7944    34   9.883  850.00  18.076
  1.7944    36   9.399  850.00  19.006
  1.7946    38   8.961  850.00  19.936
  1.7946    40   8.561  850.00  20.866
#
  1.6185    10  29.109  900.00   6.498
  1.6824    12  25.614  900.00   7.384
  1.7262    14  22.875  900.00   8.269
  1.7536    16  20.667  900.00   9.152
  1.7704    18  18.851  900.00  10.034
  1.7801    20  17.329  900.00  10.915
  1.7862    22  16.035  900.00  11.796
  1.7892    24  14.922  900.00  12.676
  1.7913    26  13.954  900.00  13.556
  1.7922    28  13.104  900.00  14.435
  1.7929    30  12.351  900.00  15.314
  1.7932    32  11.681  900.00  16.193
  1.7935    34  11.080  900.00  17.071
  1.7935    36  10.538  900.00  17.950
  1.7936    38  10.046  900.00  18.828
  1.7937    40   9.598  900.00  19.707
#
  1.5879    10  32.433  950.00   6.156
  1.6597    12  28.540  950.00   6.996
  1.7087    14  25.487  950.00   7.834
  1.7422    16  23.028  950.00   8.670
  1.7625    18  21.003  950.00   9.506
  1.7756    20  19.308  950.00  10.341
  1.7831    22  17.867  950.00  11.175
  1.7875    24  16.626  950.00  12.009
  1.7901    26  15.547  950.00  12.842
  1.7916    28  14.600  950.00  13.675
  1.7924    30  13.762  950.00  14.508
  1.7928    32  13.015  950.00  15.341
  1.7931    34  12.345  950.00  16.173
  1.7933    36  11.741  950.00  17.005
  1.7934    38  11.193  950.00  17.837
  1.7934    40  10.694  950.00  18.669
#
  1.5567    10  35.937 1000.00   5.848
  1.6346    12  31.623 1000.00   6.646
  1.6894    14  28.240 1000.00   7.442
  1.7283    16  25.515 1000.00   8.237
  1.7530    18  23.273 1000.00   9.031
  1.7694    20  21.394 1000.00   9.824
  1.7791    22  19.797 1000.00  10.616
  1.7852    24  18.422 1000.00  11.408
  1.7886    26  17.227 1000.00  12.200
  1.7907    28  16.177 1000.00  12.991
  1.7918    30  15.249 1000.00  13.783
  1.7925    32  14.421 1000.00  14.574
  1.7929    34  13.679 1000.00  15.364
  1.7931    36  13.009 1000.00  16.155
  1.7932    38  12.402 1000.00  16.946
  1.7933    40  11.850 1000.00  17.736
#
  1.5253    10  39.621 1050.00   5.570
  1.6078    12  34.864 1050.00   6.330
  1.6684    14  31.135 1050.00   7.088
  1.7121    16  28.131 1050.00   7.845
  1.7418    18  25.658 1050.00   8.601
  1.7614    20  23.587 1050.00   9.356
  1.7740    22  21.826 1050.00  10.111
  1.7819    24  20.311 1050.00  10.865
  1.7866    26  18.993 1050.00  11.619
  1.7895    28  17.836 1050.00  12.373
  1.7911    30  16.812 1050.00  13.126
  1.7921    32  15.899 1050.00  13.880
  1.7926    34  15.081 1050.00  14.633
  1.7930    36  14.343 1050.00  15.386
  1.7932    38  13.674 1050.00  16.139
  1.7933    40  13.064 1050.00  16.891
#
  1.4938    10  43.484 1100.00   5.316
  1.5800    12  38.264 1100.00   6.042
  1.6459    14  34.171 1100.00   6.766
  1.6942    16  30.874 1100.00   7.488
  1.7287    18  28.160 1100.00   8.210
  1.7520    20  25.886 1100.00   8.931
  1.7676    22  23.954 1100.00   9.651
  1.7775    24  22.291 1100.00  10.371
  1.7838    26  20.844 1100.00  11.091
  1.7877    28  19.575 1100.00  11.810
  1.7900    30  18.451 1100.00  12.530
  1.7914    32  17.450 1100.00  13.249
  1.7923    34  16.551 1100.00  13.968
  1.7927    36  15.741 1100.00  14.686
  1.7930    38  15.007 1100.00  15.405
  1.7932    40  14.338 1100.00  16.124
#
  1.4624    10  47.527 1150.00   5.085
  1.5519    12  41.821 1150.00   5.779
  1.6222    14  37.348 1150.00   6.471
  1.6749    16  33.744 1150.00   7.162
  1.7138    18  30.778 1150.00   7.853
  1.7410    20  28.293 1150.00   8.542
  1.7598    22  26.181 1150.00   9.231
  1.7722    24  24.363 1150.00   9.920
  1.7802    26  22.782 1150.00  10.609
  1.7853    28  21.395 1150.00  11.297
  1.7885    30  20.166 1150.00  11.985
  1.7905    32  19.072 1150.00  12.673
  1.7917    34  18.090 1150.00  13.360
  1.7924    36  17.205 1150.00  14.048
  1.7928    38  16.402 1150.00  14.735
  1.7930    40  15.671 1150.00  15.423
#
  1.4313    10  51.750 1200.00   4.873
  1.5236    12  45.537 1200.00   5.538
  1.5976    14  40.666 1200.00   6.202
  1.6546    16  36.742 1200.00   6.864
  1.6975    18  33.512 1200.00   7.526
  1.7286    20  30.807 1200.00   8.186
  1.7506    22  28.507 1200.00   8.847
  1.7656    24  26.528 1200.00   9.507
  1.7757    26  24.807 1200.00  10.167
  1.7823    28  23.295 1200.00  10.826
  1.7865    30  21.958 1200.00  11.485
  1.7892    32  20.766 1200.00  12.145
  1.7908    34  19.698 1200.00  12.804
  1.7918    36  18.733 1200.00  13.462
  1.7925    38  17.860 1200.00  14.121
  1.7928    40  17.064 1200.00  14.780
#
  1.4007    10  56.152 1250.00   4.678
  1.4955    12  49.411 1250.00   5.317
  1.5724    14  44.125 1250.00   5.954
  1.6332    16  39.868 1250.00   6.589
  1.6799    18  36.363 1250.00   7.225
  1.7148    20  33.428 1250.00   7.859
  1.7401    22  30.932 1250.00   8.493
  1.7579    24  28.785 1250.00   9.127
  1.7702    26  26.917 1250.00   9.760
  1.7784    28  25.277 1250.00  10.393
  1.7839    30  23.826 1250.00  11.026
  1.7874    32  22.533 1250.00  11.659
  1.7897    34  21.373 1250.00  12.291
  1.7911    36  20.327 1250.00  12.924
  1.7920    38  19.379 1250.00  13.556
  1.7925    40  18.515 1250.00  14.189
#
  1.3708    10  60.734 1300.00   4.499
  1.4677    12  53.443 1300.00   5.112
  1.5470    14  47.726 1300.00   5.725
  1.6111    16  43.121 1300.00   6.336
  1.6614    18  39.331 1300.00   6.947
  1.6998    20  36.155 1300.00   7.557
  1.7284    22  33.456 1300.00   8.166
  1.7490    24  31.134 1300.00   8.776
  1.7637    26  29.113 1300.00   9.385
  1.7737    28  27.340 1300.00   9.993
  1.7806    30  25.770 1300.00  10.602
  1.7851    32  24.372 1300.00  11.210
  1.7881    34  23.117 1300.00  11.819
  1.7901    36  21.986 1300.00  12.427
  1.7913    38  20.960 1300.00  13.035
  1.7921    40  20.026 1300.00  13.643
#
  1.3419    10  65.496 1350.00   4.332
  1.4401    12  57.633 1350.00   4.923
  1.5216    14  51.468 1350.00   5.513
  1.5885    16  46.502 1350.00   6.101
  1.6420    18  42.414 1350.00   6.689
  1.6838    20  38.990 1350.00   7.277
  1.7155    22  36.080 1350.00   7.864
  1.7390    24  33.575 1350.00   8.451
  1.7561    26  31.396 1350.00   9.037
  1.7682    28  29.483 1350.00   9.623
  1.7766    30  27.791 1350.00  10.209
  1.7823    32  26.282 1350.00  10.795
  1.7862    34  24.930 1350.00  11.381
  1.7887    36  23.710 1350.00  11.967
  1.7904    38  22.603 1350.00  12.552
  1.7915    40  21.596 1350.00  13.138
#
  1.3140    10  70.437 1400.00   4.177
  1.4129    12  61.981 1400.00   4.747
  1.4964    14  55.351 1400.00   5.316
  1.5656    16  50.010 1400.00   5.883
  1.6221    18  45.614 1400.00   6.450
  1.6668    20  41.932 1400.00   7.017
  1.7017    22  38.802 1400.00   7.583
  1.7280    24  36.108 1400.00   8.149
  1.7476    26  33.764 1400.00   8.714
  1.7617    28  31.708 1400.00   9.280
  1.7718    30  29.887 1400.00   9.845
  1.7789    32  28.265 1400.00  10.410
  1.7837    34  26.811 1400.00  10.975
  1.7870    36  25.498 1400.00  11.539
  1.7892    38  24.309 1400.00  12.104
  1.7907    40  23.225 1400.00  12.669
#
  1.2872    10  75.558 1450.00   4.033
  1.3863    12  66.487 1450.00   4.583
  1.4714    14  59.375 1450.00   5.132
  1.5426    16  53.646 1450.00   5.681
  1.6016    18  48.931 1450.00   6.228
  1.6492    20  44.980 1450.00   6.775
  1.6869    22  41.623 1450.00   7.322
  1.7160    24  38.733 1450.00   7.868
  1.7381    26  36.219 1450.00   8.414
  1.7544    28  34.013 1450.00   8.960
  1.7663    30  32.060 1450.00   9.505
  1.7748    32  30.320 1450.00  10.051
  1.7808    34  28.760 1450.00  10.596
  1.7849    36  27.352 1450.00  11.141
  1.7877    38  26.076 1450.00  11.687
  1.7896    40  24.914 1450.00  12.232
#
  1.2614    10  80.859 1500.00   3.899
  1.3604    12  71.151 1500.00   4.431
  1.4466    14  63.540 1500.00   4.961
  1.5196    16  57.410 1500.00   5.491
  1.5808    18  52.363 1500.00   6.020
  1.6310    20  48.136 1500.00   6.549
  1.6713    22  44.543 1500.00   7.077
  1.7031    24  41.450 1500.00   7.606
  1.7277    26  38.760 1500.00   8.133
  1.7462    28  36.399 1500.00   8.661
  1.7600    30  34.310 1500.00   9.188
  1.7700    32  32.447 1500.00   9.716
  1.7772    34  30.777 1500.00  10.243
  1.7823    36  29.271 1500.00  10.770
  1.7859    38  27.906 1500.00  11.297
  1.7883    40  26.662 1500.00  11.824
#
