#6Li - NNLOopt data
#Rptp   Nmax   HW     UVeff    Leff
#====================================
   1.900   4   21.95   750.06    7.182 
   2.036   6   18.83   749.99    8.371 
   2.127   8   16.55   749.97    9.524 
   2.198  10   14.80   750.11   10.652 
   2.253  12   13.39   749.87   11.770 
   2.299  14   12.25   750.11   12.869 
   2.338  16   11.29   750.13   13.96
   2.376  18   10.47   750.00   15.05
   2.410  20    9.77   750.12   16.14
   2.43905  22    9.15   749.82   17.223 
#
   1.825   4   24.97   799.99    6.733 
   1.969   6   21.42   799.91    7.848 
   2.066   8   18.83   799.96    8.929 
   2.143  10   16.83   799.90    9.989 
   2.201  12   15.24   800.00   11.032 
   2.250  14   13.93   799.90   12.068 
   2.290  16   12.84   799.97   13.09
   2.326  18   11.91   799.92   14.12
   2.357  20   11.11   799.91   15.13
   2.38842  22   10.42   800.17   16.139 
#
   1.758   4   28.19   850.01    6.337 
   1.908   6   24.19   850.06    7.385 
   2.015   8   21.26   850.02    8.403 
   2.099  10   19.00   849.90    9.401 
   2.162  12   17.20   849.89   10.385 
   2.215  14   15.73   850.01   11.357 
   2.259  16   14.50   850.11   12.32
   2.297  18   13.45   850.06   13.28
   2.329  20   12.54   849.83   14.24
   2.36124  22   11.76   850.06   15.192 
#
   1.696   4   31.60   899.95    5.985 
   1.852   6   27.12   900.07    6.975 
   1.970   8   23.83   899.93    7.937 
#  1.970   8   23.81   899.55    7.940 
   2.061  10   21.31   900.09    8.877 
   2.132  12   19.29   900.04    9.806 
   2.190  14   17.63   899.88   10.727 
   2.238  16   16.25  899.95    11.64
   2.279  18   15.08   900.10   12.54
   2.314  20   14.06   899.87   13.45
   2.34855  22   13.18   899.92   14.350 
#
   1.637   4   35.21   949.97    5.670 
   1.800   6   30.21   949.96    6.609 
   1.926   8   26.56   950.08    7.518 
   2.025  10   23.74   950.02    8.410 
   2.104  12   21.49   949.98    9.291
   2.168  14   19.65   950.04   10.161
   2.221  16   18.11  950.06    11.03
   2.266  18   16.80   950.05   11.88
   2.304  20   15.67   949.99   12.74
   2.34068  22   14.69   950.08   13.592 
#
   1.579   4   39.02  1000.05    5.386 
   1.748   6   33.48  1000.06    6.278 
   1.883   8   29.42   999.92    7.143 
   1.989  10   26.30   999.93    7.991
#  1.989  10   26.34  1000.69    7.984
   2.075  12   23.81   999.95    8.826
   2.145  14   21.77   999.97    9.654 
   2.203  16   20.06  999.90    10.48
   2.252  18   18.61   999.92   11.29
   2.294  20   17.36   999.91   12.11
   2.33241  22   16.27   999.86   12.916 
#
   1.525   4   43.02  1050.05    5.130 
   1.698   6   36.91  1050.03    5.979 
   1.839   8   32.44  1049.99    6.802 
   1.952  10   29.00  1050.01    7.609 
   2.045  12   26.25  1049.93    8.406 
   2.120  14   24.00  1049.94    9.194 
   2.183  16   22.12 1049.98     9.98
   2.236  18   20.52  1049.98   10.75
   2.280  20   19.14  1049.92   11.53
   2.32133  22   17.94  1049.93   12.300 
#
   1.472   4   47.21  1100.00    4.897 
   1.650   6   40.51  1100.05    5.707 
   1.794   8   35.60  1099.94    6.494 
   1.913  10   31.83  1100.05    7.263 
   2.011  12   28.81  1099.94    8.024 
#  2.011  12   28.79  1099.56    8.027 
   2.092  14   26.34  1099.93    8.776 
   2.159  16   24.28 1100.06     9.52
   2.216  18   22.52  1099.95   10.27
   2.263  20   21.01  1100.01   11.00
   2.30465  22   19.69  1099.94   11.741 
#
   1.421   4   51.60  1150.01    4.684 
#  1.421   4   51.56  1149.56    4.686 
   1.602   6   44.27  1149.97    5.459 
   1.750   8   38.91  1149.94    6.211 
   1.873  10   34.79  1150.06    6.947 
   1.975  12   31.49  1149.96    7.675 
   2.061  14   28.79  1149.95    8.395 
   2.132  16   26.53  1149.90    9.11
   2.192  18   24.62  1150.10    9.82
   2.243  20   22.96  1149.93   10.53
   2.28714  22   21.52  1149.92   11.230 
#
   1.372   4   56.18  1199.96    4.489 
   1.555   6   48.21  1200.05    5.231 
   1.705   8   42.37  1199.98    5.952 
   1.831  10   37.88  1200.04    6.658 
   1.938  12   34.29  1200.00    7.355 
   2.027  14   31.35  1199.99    8.045 
   2.103  16   28.89  1199.95    8.73
   2.166  18   26.80  1199.94    9.41
   2.220  20   25.00  1199.93   10.09
   2.26693  22   23.44  1200.12   10.760 
#
   1.326   4   60.96  1249.97    4.309 
#  1.325   4   61.01  1250.48    4.308 
   1.509   6   52.31  1250.04    5.022 
   1.661   8   45.98  1250.06    5.714
   1.790  10   41.10  1250.01    6.392 
   1.899  12   37.21  1250.05    7.060 
   1.992  14   34.02  1250.05    7.722 
   2.071  16   31.35  1250.00    8.38
   2.138  18   29.08  1249.94    9.03
   2.196  20   27.13  1250.00    9.68
   2.24465  22   25.43  1250.03   10.331 
#
   1.281   4   65.94  1300.02    4.143 
   1.464   6   56.57  1299.94    4.829 
   1.617   8   49.73  1300.03    5.494 
   1.748  10   44.45  1299.95    6.146 
   1.860  12   40.24  1299.95    6.789 
   1.956  14   36.79  1299.94    7.426 
   2.038  16   33.91  1300.03    8.06
   2.108  18   31.46  1300.08    8.69
   2.169  20   29.34  1299.91    9.31
   2.22056  22   27.50  1299.91    9.934 
#
   1.239   4   71.11  1350.03    3.990 
   1.421   6   61.01  1349.99    4.650 
   1.575   8   53.63  1350.05    5.291 
#  1.576   8   53.58  1349.42    5.293 
   1.707  10   47.94  1350.02    5.918 
   1.821  12   43.40  1350.03    6.538 
   1.920  14   39.68  1350.03    7.150 
   2.005  16   36.57  1350.06    7.76
   2.078  18   33.92  1349.95    8.36
   2.141  20   31.64  1349.90    8.97
   2.19504  22   29.66  1350.00    9.566 
#
   1.200   4   76.47  1399.98    3.848 
   1.379   6   65.61  1399.96    4.484 
   1.534   8   57.67  1399.98    5.102 
   1.667  10   51.56  1400.07    5.707 
   1.782  12   46.67  1399.96    6.304 
   1.883  14   42.67  1399.98    6.895 
   1.970  16   39.33  1400.08    7.48
   2.046  18   36.48  1399.97    8.07
   2.112  20   34.03  1399.96    8.65
   2.16840  22   31.90  1400.05    9.224 
#
   1.162   4   82.03  1449.98    3.715 
   1.339   6   70.38  1449.96    4.330 
   1.494   8   61.87  1450.06    4.926 
   1.627  10   55.30  1449.96    5.511 
   1.744  12   50.07  1450.06    6.087 
# 14 missing
   1.936  16   42.18  1449.92    7.22
   2.014  18   39.13  1449.92    7.79
   2.082  20   36.51  1450.08    8.35
   2.14089  22   34.22  1450.06    8.906 
#
   1.126   4   87.79  1500.03    3.591 
   1.301   6   75.32  1499.98    4.185 
   1.455   8   66.21  1500.05    4.762 
   1.589  10   59.18  1499.96    5.327 
   1.706  12   53.58  1500.03    5.884 
# 14 missing
   1.901  16   45.14  1499.93    6.98
   1.981  18   41.88  1500.01    7.53
   2.051  20   39.07  1500.05    8.07
   2.11270  22   36.62  1500.05    8.609 
#
#  1.092   4   93.74  1550.03    3.475 
#  1.264   6   80.43  1550.03    4.050 
#  1.417   8   70.69  1549.97    4.608 
#  1.551  10   63.19  1549.95    5.155 
#  1.669  12   57.21  1550.01    5.694 
#  2.410  20    9.77   750.12   16.14
